0 43 43 44 -1 27 31 32 21 12 13
43 0 42 40 38 28 30 34 23 -1 5
42 43 0 43 36 29 29 -1 25 14 -1
40 44 42 0 37 30 28 36 27 16 17
-1 38 37 36 0 31 -1 38 31 18 19
27 28 29 30 31 0 27 40 33 -1 21
31 30 29 28 -1 27 0 -1 35 20 23
32 34 -1 36 38 40 -1 0 -1 36 -1
21 23 25 27 31 33 35 -1 0 37 21
12 -1 14 16 18 -1 20 36 37 0 22
13 15 -1 17 19 21 23 -1 21 22 0